Webots Project File version R2021a
perspectives: 000000ff00000000fd00000003000000000000000000000000fc0100000001fb0000001a0044006f00630075006d0065006e0074006100740069006f006e0000000000ffffffff0000008700ffffff00000001000002b300000205fc0200000001fb0000001400540065007800740045006400690074006f00720100000000000002050000008b00ffffff00000003000005a0000000d9fc0100000001fb0000001a0043006f006e0073006f006c00650041006c006c0041006c006c0100000000000005a00000008700ffffff000002eb0000020500000001000000020000000100000008fc00000000
simulationViewPerspectives: 000000ff000000010000000200000119000003690100000002010000000100
sceneTreePerspectives: 000000ff0000000100000002000001c7000000000100000002010000000200
maximizedDockId: -1
centralWidgetVisible: 1
orthographicViewHeight: 1
textFiles: 0 "controllers/grocery/grocery.py"
consoles: Console:All:All
renderingDevicePerspectives: TIAGo Steel:camera;1;0.437037;0;0
renderingDevicePerspectives: TIAGo Steel:display;1;0.4;0;0.315098
